Rot1 = [0.75 -0.433 0.5; 0.5 0.866 0; -0.433 0.25 0.866];
Rot2 = [0.5 -0.866 0; 0.866 0.5 0; 0 0 1];
Rot3 = [-0.866 0.5 0; 0.5 0.866 0; 0 0 -1];
Rot4 = [-0.1111 0.8889 0.4444; 0.8889 -0.1111 0.4444; 0.4444 0.4444 -0.7778]; 
Rot5 = [0.866 -0.3536 0.3536; 0.3536 0.933 0.067; -0.3536 0.0670 0.933];
Rot6 = [1 0 0; 0 1 0; 0 0 1];

Rot2ZYZ(Rot1);
Rot2ZYZ(Rot2);
Rot2ZYZ(Rot3);

Rot2EqAngle(Rot4);
Rot2EqAngle(Rot5);
Rot2EqAngle(Rot6);

Rot2UQuater(Rot4);
Rot2UQuater(Rot5);
Rot2UQuater(Rot6);